1.0
0.9999862875139199
0.9999645687053222
0.9999416445249643
0.9999158783212816
0.9998889399212083
0.9998599778235925
0.9998306618553682
0.9998013016533177
0.9997708024302462
0.999740225797979
0.9997095606980597
0.9996779556293366
0.9996459856315484
0.999613263658717
0.9995801656983643
0.9995465369320986
0.9995118023201814
0.9994763267916775
0.999438584279588
0.9994001893185639
0.9993614626038443
0.9993220281479077
0.9992824388735798
0.9992426063132087
0.9992026852851854
0.999162720023336
0.9991226220600085
0.9990824909213113
0.9990421275550273
0.999001565136526
0.9989609363672858
0.9989195445645458
0.9988780200603277
0.9988363186208052
0.9987942854275873
0.9987520200067825
0.9987090579032173
0.9986657308705871
0.9986223706625872
0.998578380122566
0.9985342126472404
0.9984896360090239
0.9984445727987205
0.9983989345486783
0.9983531746556145
0.9983073926456376
0.9982615995772043
0.9982156738072927
0.9981695268682508
0.9981231145262525
0.9980764920735804
0.9980296263348649
0.997982749537693
0.9979357179221298
0.9978883434944146
0.9978406815468299
0.9977929421900497
0.9977451917748129
0.9976972312489024
0.9976492264891658
0.9976011222033205
0.9975529626251927
0.9975045818779344
0.9974559910200025
0.9974070352330054
0.9973579467445303
0.9973088250806855
0.9972594158969713
0.9972097966025834
0.9971601220159129
0.9971103479031336
0.9970605295565284
0.9970104900407928
0.996960362057405
0.9969096811511915
0.9968577727563047
0.9968057869522222
0.9967535025698139
0.9967010301936448
0.9966485246421061
0.9965958863890891
0.9965431043761376
0.9964903223631859
0.9964374297656692
0.9963844929343264
0.9963311358816359
0.9962775244844456
0.9962237693273206
0.9961699035856304
0.9961155512718536
0.996061033081229
0.9960065038321477
0.9959519524661535
0.9958973900417029
0.9958428055003391
0.9957880882574972
0.9957332272547206
0.9956781008489876
0.9956221450590158
0.9955661782105876
0.9955098685500073
0.9954534814802315
0.9953969727674339
0.9953399553656367
0.9952826172686003
0.9952252791715641
0.9951679189576148
0.995110138522318
0.995052291736282
0.9949943785995069
0.9949359899491016
0.9948775791817832
0.994817542821357
0.9947564559075618
0.9946951257077232
0.9946329108313634
0.9945703310259385
0.9945075742852093
0.9944446737845454
0.9943814304717296
0.9943177005868269
0.9942529864992944
0.9941878190150447
0.9941213466329262
0.994053834755895
0.9939847525780386
0.9939135140011616
0.9938419104952194
0.9937693227866474
0.9936966134350538
0.993622532834852
0.9935478329610854
0.9934716844295152
0.9933948060398149
0.9933156496080723
0.9932361061303516
0.9931564078342396
0.9930766874212147
0.9929968564236246
0.9929158974634699
0.9928339543006851
0.9927514913904442
0.992668873661812
0.9925861564070712
0.9925033838600478
0.9924195497011988
0.9923351515610676
0.9922503774334147
0.992163911361915
0.9920768149583937
0.9919888228198946
0.9919006537460914
0.9918109807222019
0.9917210754707256
0.9916310817515971
0.9915409110971645
0.9914505413905145
0.9913596187610386
0.9912685966054542
0.9911774749237611
0.9910857007931335
0.9909938713702233
0.9909017101936177
0.9908095490170121
0.9907165805730809
0.9906235126030409
0.9905302013469576
0.9904366468048309
0.9903430369704217
0.9902493939606429
0.9901556071909294
0.9900612453814771
0.9899666845198075
0.9898720904827683
0.989777407978077
0.9896825043042554
0.9895873241690208
0.9894918454554604
0.989395769585248
0.989299572072014
0.9892028216359542
0.9891056620370033
0.9890084803211393
0.9889112433129928
0.9888136303173247
0.9887152653466136
0.9886166681483155
0.9885178497808872
0.9884182573215027
0.9883186427452052
0.9882189618181686
0.9881189933712626
0.9880189032813349
0.9879187910744941
0.9878186456922838
0.987718422900878
0.9876180674079938
0.9875174133367839
0.9874164606872479
0.98731491088106
0.9872131067303723
0.9871111256443804
0.9870082819987802
0.9869054272947234
0.9868022076616016
0.9866986120409583
0.9865945077313153
0.9864902043694549
0.9863858567737686
0.9862814981196256
0.9861771173485696
0.9860721615377748
0.985966497985763
0.985860745966099
0.9857549054787829
0.9856482577241411
0.9855415104433907
0.9854344314089448
0.98532677733476
0.985218968442184
0.9851100094701304
0.9850004422829683
0.9848908419204367
0.9847795385556017
0.9846671404035715
0.9845530281907813
0.9844386505750348
0.9843239412055927
0.9842085572703032
0.9840925982952747
0.9839764955603117
0.9838591432197623
0.9837416913531042
0.9836236865636203
0.9835056043649408
0.9833874558155223
0.9832690750385169
0.9831505062677507
0.9830310307035501
0.9829113671455889
0.982791670412258
0.9826717967436229
0.9825511047492056
0.9824299593580712
0.9823087476161977
0.9821868502500201
0.982064621130147
0.9819422814257088
0.981815020708121
0.9816876825813374
0.9815586414522505
0.9814272891057516
0.9812947535044055
0.9811621404938637
0.9810280014163228
0.9808938512803254
0.9807588385847197
0.9806230739140709
0.9804863360992486
0.9803487025494486
0.9802106266613879
0.9800720863181536
0.9799333358642454
0.9797943642412069
0.9796551382736686
0.9795145852913483
0.9793739217244628
0.9792329816961644
0.9790919753171269
0.9789507256520461
0.9788090004733351
0.9786671315346894
0.9785249197838917
0.9783822325194638
0.9782393462028185
0.9780948785268915
0.97794975840203
0.9778042069973644
0.9776577709161776
0.977511213191969
0.9773646333508473
0.9772179650420736
0.9770712856748434
0.9769245952491565
0.976777628362057
0.9766303628966313
0.976482931554358
0.9763355002120846
0.9761880578113548
0.9760406043521683
0.9758929518407646
0.9757439944314921
0.9755950149053064
0.9754452170533386
0.9752952533245232
0.9751451126604033
0.974994960937827
0.9748446101630334
0.9746936954069574
0.9745426700663163
0.9743916336672187
0.9742405198589255
0.9740886540755892
0.9739366334738616
0.9737841373585039
0.9736313426648202
0.9734783268020062
0.9733246253148882
0.9731706694832702
0.9730166251840002
0.9728625587678172
0.9727083264747864
0.9725539504218209
0.97239924261516
0.972244534808499
0.9720898159433815
0.9719348316753076
0.9717795930627339
0.971624288099421
0.9714688614930864
0.9713125502102307
0.971156006699788
0.9709993636632367
0.9708425436913811
0.9706857126610691
0.9705283729417572
0.9703710221639889
0.9702130189372861
0.9700548498337356
0.969896658613272
0.9697383899836128
0.9695800771201275
0.9694214988536859
0.9692628431780487
0.9691040437424767
0.9689451668977092
0.9687858255977679
0.9686262188948702
0.9684665900750596
0.9683069501967925
0.9681472439677862
0.9679874382126712
0.9678273228207739
0.9676670194351157
0.967506340061936
0.9673453621104303
0.9671841961651639
0.9670229749276149
0.9668616320470442
0.9667000569388867
0.9665381943108599
0.9663756792338984
0.9662127992278721
0.9660494215913024
0.9658859997209067
0.9657213945956638
0.9655565019505514
0.9653915429547
0.9652264512573703
0.9650610941570842
0.9648956375306895
0.9647294510461648
0.9645630544509662
0.9643964588035504
0.9642296088116347
0.9640621727215236
0.963894659222217
0.9637261946956499
0.9635573320646482
0.963387750633973
0.9632176273389285
0.9630470506471669
0.9628760647925141
0.9627047361257093
0.9625332415820569
0.9623616364538392
0.9621898322734043
0.9620180059760562
0.961845980626491
0.9616738889261865
0.961501598173665
0.9613288982582522
0.9611559550567961
0.9609825695170793
0.9608091618604495
0.9606356657361675
0.9604620037350379
0.9602880542140388
0.9601136512963225
0.9599378992469114
0.9597620919052176
0.9595856431730458
0.9594089732717438
0.9592316288045942
0.9590533333101843
0.9588740757300575
0.9586945195716047
0.9585148638870432
0.9583344230520692
0.9581517373504224
0.957968786245819
0.9577858240827594
0.9576026628674823
0.9574191809569663
0.9572350576559724
0.9570507684781306
0.9568662249557891
0.9566799231388615
0.9564918409104347
0.9563026196609868
0.9561125026765611
0.9559221313476356
0.9557306320561454
0.9555385356080033
0.9553458198862963
0.9551527281770678
0.9549593047141437
0.9547656047898068
0.9545710865396876
0.9543764134711773
0.9541816851103844
0.9539866802881785
0.9537904479772994
0.9535935853343989
0.9533963024701506
0.9531988205536852
0.9530012944033937
0.9528031268626243
0.9526046939188983
0.9524062609751726
0.9522072087578818
0.9520076920854174
0.9518076335485836
0.9516074091349022
0.9514071183704815
0.9512066064369307
0.9510059396849886
0.9508051955238509
0.9506040864336481
0.9504022696022283
0.9502003200693303
0.9499983152441498
0.9497960560744694
0.9495934762095499
0.9493907968185219
0.9491880953105808
0.9489851615750529
0.9487817191505252
0.9485781108491498
0.9483743919632092
0.948170551434247
0.9479660363394372
0.9477608798541496
0.9475556459596662
0.9473501798375962
0.9471445810140479
0.9469387389044561
0.9467326756257342
0.9465260483657298
0.9463192331119648
0.9461124178581997
0.9459053703768477
0.9456982897201263
0.9454911095372961
0.9452838630037269
0.9450760635473319
0.9448682419740239
0.9446596241918466
0.9444503650191914
0.9442404644560584
0.9440304864837297
0.9438202652253576
0.9436099444408769
0.9433995904810266
0.9431885066630463
0.9429770468575444
0.9427651447137819
0.9425532315115628
0.9423412740755177
0.9421289406519511
0.9419160653640152
0.9417027035039924
0.9414885564935572
0.9412740777294264
0.9410593888546218
0.940844224466187
0.9406287283240568
0.9404121042193618
0.940194882958015
0.9399774515859944
0.9397594894080611
0.9395402555076283
0.9393203691582611
0.9391004828088939
0.938880043536701
0.9386594273292037
0.9384376831591418
0.9382157841706886
0.9379933764932358
0.9377708803481308
0.9375478976309392
0.9373249038552909
0.9371006825909693
0.9368757978192569
0.9366502937739795
0.9364245685595718
0.9361987217021424
0.9359728416693435
0.9357465192982839
0.9355201748103112
0.9352931557564912
0.935065771773606
0.9348379896862863
0.9346100970144013
0.934381507659756
0.9341528187790019
0.933923875553748
0.9336939481258641
0.9334639101134152
0.9332336951656619
0.9330031152888436
0.9327724027105471
0.93254099344949
0.9323094514869549
0.9320776662383763
0.9318457482883196
0.9316136091691325
0.9313813041730976
0.9311483356696718
0.9309144714312683
0.9306799326270172
0.9304452721797444
0.9302102910372326
0.9299752214270688
0.9297400965246223
0.9295038989518938
0.9292669162287527
0.9290299335056116
0.9287927406717965
0.9285555257210686
0.928318277594971
0.9280808193581996
0.927843117835385
0.9276048633897445
0.9273659564951695
0.9271268284314642
0.9268872580294982
0.9266473448153804
0.9264073431336103
0.926167230867275
0.9259269195487225
0.9256863096518441
0.9254454011766396
0.9252044152922396
0.9249627990758182
0.9247211496840273
0.9244794671168668
0.9242377292574236
0.9239956485858285
0.9237534573296683
0.923511199722769
0.9232687209467392
0.9230259325339271
0.9227827902505065
0.9225393825641294
0.9222957868839916
0.9220519479178104
0.9218078767240424
0.9215634627181224
0.9213190044783763
0.9210745351801737
0.920829999531232
0.9205854307069208
0.9203407070642183
0.9200959723630593
0.9198512044865308
0.9196063260254371
0.9193613259213217
0.9191162815833803
0.9188710160763085
0.918625197646411
0.9183793792165134
0.9181334280851376
0.9178873110769141
0.9176410171333864
0.9173939269809894
0.9171463281395928
0.9168982427261094
0.9166497370912785
0.9164010987549693
0.9161524383017471
0.91590315857496
0.9156536908544121
0.9154037807956035
0.9151534394569908
0.9149030649430087
0.9146526683121133
0.9144021168628269
0.9141513442444101
0.9139004720998847
0.9136494119615984
0.9133983407648557
0.9131471479250913
0.9128955016886097
0.9126438001598456
0.912391833228125
0.9121389926783396
0.9118861521285544
0.9116330130004431
0.9113798406969623
0.911126635218112
0.9108733855054355
0.9106190852393901
0.9103647186226055
0.9101102414212559
0.9098557089276236
0.909600999498687
0.9093461241929027
0.9090912157117489
0.9088361524122038
0.9085807352420502
0.9083251853704184
0.9080695691480476
0.9078135658796986
0.9075573193253064
0.907301072770914
0.907044726690413
0.9067877834532603
0.9065308070407379
0.9062736979267374
0.906016400818976
0.9057591037112147
0.905501585434323
0.9052440008066923
0.9049864161790615
0.9047287873176048
0.904470881994735
0.9042125896258872
0.9039538106849527
0.9036949101009966
0.9034358325817361
0.9031764011918672
0.9029167928666939
0.9026568196124557
0.9023967136567392
0.9021365634671968
0.9018758050625459
0.9016147480795691
0.9013536689796793
0.9010924903536808
0.9008310684416388
0.9005691820744234
0.9003071961810991
0.9000451660539489
0.8997827599392771
0.8995195133819102
0.8992562115322605
0.8989927216888501
0.8987291986700702
0.8984654655406165
0.8982016771188802
0.8979378444633178
0.8976740118077554
0.8974091728326501
0.8971441569222405
0.8968790857195483
0.8966137269969867
0.8963481692222077
0.8960822907521899
0.8958162685222374
0.8955498703047632
0.8952830518659415
0.8950161891932937
0.8947491164099721
0.8944819109251723
0.8942146612065464
0.8939472456110727
0.8936792992096864
0.8934110984638002
0.8931427539579792
0.8928739892308106
0.8926047821653813
0.8923354202815609
0.8920659146378057
0.8917964089940505
0.8915267485319042
0.8912570327774751
0.8909860342420903
0.8907149914728795
0.8904434289562122
0.8901716231535017
0.8898992091356828
0.8896259325582556
0.8893524348116981
0.8890786606037278
0.8888041344207143
0.8885295418869616
0.8882545844241441
0.8879794500260222
0.8877032982499008
0.8874269805969317
0.8871506187101366
0.8868740245957545
0.8865968222662641
0.8863191444231435
0.8860414223461968
0.8857636449769676
0.8854851377496082
0.8852064978207708
0.8849277804827376
0.88464841069577
0.8843687202135635
0.8840880787040966
0.8838072492008688
0.8835260215932066
0.883244572816414
0.8829629692212302
0.8826810117554378
0.882398766769776
0.882116278498071
0.8818335579987789
0.8815507379733784
0.8812672323236738
0.8809826650621435
0.8806980646252438
0.8804132319607573
0.8801282444778795
0.8798431906442626
0.8795581036352762
0.8792727069895073
0.8789865251933259
0.8787003433971443
0.8784140510163977
0.8781276701679989
0.8778412561442305
0.8775547757697231
0.8772681958691069
0.8769813726824475
0.876694228800549
0.8764068748079769
0.8761177625208185
0.8758285507075516
0.8755388633806545
0.8752487668908662
0.8749581727705347
0.8746675565332902
0.8743759892687852
0.874084156601324
0.8737915940757327
0.8734990204916848
0.8732063142061588
0.8729129554716982
0.8726188226452816
0.8723246124096694
0.8720300814788182
0.8717353846711192
0.8714401791744205
0.8711448630931566
0.8708494806611538
0.8705538991769335
0.8702576763022353
0.8699614202521675
0.8696650093837086
0.8693683552292062
0.8690715130809432
0.8687738857822674
0.8684760041390918
0.8681772488778514
0.8678784604412415
0.8675787541527407
0.8672786387013488
0.8669781472624354
0.8666775894727828
0.8663758484282831
0.8660731010642404
0.8657702209987195
0.8654670976471552
0.8651638747694823
0.8648604749565051
0.8645569756174193
0.8642529012385947
0.8639485835737266
0.8636439120382501
0.863338820281426
0.8630337174661452
0.862727553039039
0.8624211342674329
0.862114461151327
0.8618076221583733
0.8614996220274854
0.8611915555458585
0.8608834448304054
0.8605746042568222
0.8602654761633697
0.8599562927776345
0.8596471093918995
0.8593365768744694
0.8590258453048221
0.8587148040983922
0.8584031657353104
0.8580897690776427
0.8577760849001055
0.8574619915596772
0.8571476991670316
0.8568333846574729
0.8565162944753288
0.8561988614810326
0.8558813731944539
0.8555638296155925
0.8552456004124273
0.8549255355054802
0.8546049397926204
0.8542835257539785
0.8539620453645973
0.8536400341693036
0.8533172533054361
0.852994445901273
0.8526712735680451
0.8523474487858825
0.8520233254253942
0.8516982842130147
0.851372867013114
0.8510467310135396
0.8507203185525523
0.850392855538196
0.850064928068666
0.8497368457807447
0.8494082548038238
0.8490796085346203
0.8487504646348735
0.8484212101505615
0.8480913916849673
0.8477615621609165
0.847431610993844
0.847101560300663
0.8467704479956563
0.8464390260538672
0.8461065646171656
0.8457735944914642
0.8454404806058281
0.8451071676679747
0.844773611444078
0.8444390931344644
0.8441042873049813
0.843769326657107
0.8434343438923197
0.8430992505429673
0.8427633499262892
0.8424272391989371
0.8420910731793027
0.8417548076335595
0.8414184867955337
0.8410821438405949
0.8407458008856561
0.8404094358138043
0.8400730375665829
0.839736584027079
0.8394000973122056
0.8390635774219625
0.8387269690640673
0.8383896651292573
0.8380522826794059
0.8377142698975332
0.8373762571156604
0.8370382332753312
0.8366998776813065
0.8363613893858035
0.836022502985866
0.8356833843583417
0.835343635398796
0.8350035878609242
0.8346634297384874
0.8343227408101377
0.8339817201280926
0.8336404451015476
0.833299092665807
0.8329574527101969
0.8326157906376739
0.8322740511559552
0.8319322453234974
0.8315902293803659
0.8312479812096475
0.8309057219804725
0.8305632194652542
0.8302205842485577
0.8298779490318613
0.8295351921721431
0.8291922362602077
0.828849081296055
0.8285057383381413
0.8281622626787497
0.8278186874932494
0.8274749906647273
0.8271310394917054
0.8267869998510313
0.8264428385673357
0.826098080126988
0.8257530894590537
0.8254080434988367
0.825062898012511
0.8247176419416202
0.8243720872924034
0.8240263778247954
0.8236802481358398
0.8233340852715147
0.822987867114907
0.8226415273152776
0.8222951432818222
0.8219484496115842
0.8216015900644986
0.8212544540560001
0.8209071079368276
0.8205594964146989
0.820211796424918
0.8198640522013111
0.8195162305685085
0.819168408935706
0.8188204656598818
0.8184725223840574
0.818124468523668
0.8177761603187788
0.817427498243281
0.8170788361677832
0.8167300082154377
0.8163811692046357
0.8160316113941601
0.8156819208822063
0.81533217507797
0.8149823518645379
0.8146322743066061
0.8142818539365222
0.8139314114495253
0.8135807146180286
0.8132299956696187
0.8128791329612743
0.8125282370775602
0.8121772969600201
0.8118262904917409
0.811475118146614
0.8111238462753784
0.8107724417026645
0.8104209818376682
0.8100692786866285
0.8097174207171975
0.809365507455484
0.8090135499599443
0.8086613049445354
0.8083090378122133
0.8079564831600219
0.8076035414618523
0.8072505997636827
0.806897547480948
0.8065443956721047
0.8061911001033266
0.8058377381838094
0.8054842546212706
0.8051302513112756
0.8047761816505413
0.8044220677559811
0.8040678764522252
0.8037133202194043
0.803358752928127
0.8030039755261758
0.8026491538903984
0.8022941884946865
0.8019392230989745
0.8015842024109798
0.8012290711384201
0.8008737408136432
0.8005183330796705
0.8001627373519371
0.7998068983381603
0.7994508713306228
0.7990947447969765
0.7987385408541348
0.7983822484436408
0.7980258896824077
0.7976695309211748
0.7973131058092027
0.7969566254049479
0.7966000454745845
0.7962433881350256
0.7958866423278145
0.7955298412283208
0.7951729848365446
0.7948160510355727
0.7944590287669487
0.79410186273839
0.7937446745929183
0.7933873316290554
0.7930296126776708
0.7926718163170907
0.7923139867811411
0.7919560687775392
0.7915981397154809
0.7912401000688574
0.7908817507854514
0.7905233240928499
0.7901648421079658
0.789806216363147
0.7894474468583934
0.7890886220613572
0.7887296535043864
0.788370651772046
0.7880113735782928
0.7876520622091698
0.7872927397815905
0.7869333510032721
0.7865738516403884
0.7862140647576354
0.7858542115241433
0.7854941813553469
0.7851338304913116
0.7847734132765372
0.7844125868988715
0.7840515835859017
0.7836904254545407
0.7833291235632449
0.7829670586384496
0.7826049605382847
0.7822427739704676
0.7818804989349984
0.7815182128410727
0.7811557940456688
0.7807932093734172
0.7804305915257961
0.7800678520351532
0.7797050683106843
0.7793422845862154
0.7789794787448334
0.7786166286696254
0.778253535308374
0.7778903424210141
0.7775270610660019
0.7771636580679682
0.7768001666022821
0.7764364760843789
0.7760727302741931
0.7757086969441379
0.7753445751464305
0.7749802764134189
0.7746158118035595
0.7742512034337654
0.7738865840055149
0.7735219314018946
0.7731572566813615
0.7727925487854588
0.7724276639542518
0.7720624363108928
0.7716970096153165
0.771331383867523
0.7709654595414035
0.7705994578060884
0.7702333897200342
0.7698670451725671
0.7695005236897957
0.7691339579731983
0.768767160029014
0.7684003178510036
0.7680331881531238
0.7676658704614833
0.7672985417113862
0.7669308148568545
0.7665629774177578
0.7661948303418785
0.7658265173891515
0.765458193377968
0.7650898140745019
0.7647213684202967
0.7643529006491785
0.763984300176582
0.7636156554701596
0.7632467011269547
0.7628776472576411
0.762508538096045
0.762139218823775
0.7617696673239183
0.7614000715902354
0.7610303984473569
0.7606606921291088
0.7602908973432088
0.759921091498852
0.7595512193037562
0.7591812254656388
0.7588111099844997
0.758440917094165
0.7580706357361782
0.7577001332090609
0.7573295975065741
0.7569589512195223
0.7565882275232747
0.7562173821840056
0.7558464262601712
0.7554754039855978
0.7551042821849157
0.7547329945073857
0.7543614524853561
0.753989622943457
0.7536173731802103
0.7532451234169635
0.7528727409522386
0.7525003584875136
0.7521278875551366
0.7517553281551074
0.7513826249951434
0.7510097117245058
0.750636732103129
0.7502635976633609
0.7498899545345932
0.7495162118797167
0.749142270172623
0.7487682068225077
0.7483940439462835
0.7480197373101248
0.7476454196155096
0.7472710798039812
0.7468966957586269
0.7465221347779682
0.7461475074465707
0.7457728137644338
0.7453979984392753
0.7450231609972038
0.7446480913275455
0.7442729442486915
0.7438976644683594
0.7435223846880272
0.743147060673869
0.7427716150166891
0.7423960919503135
0.7420205135916556
0.7416449352329975
0.7412688924191656
0.7408927500792252
0.7405165635054587
0.7401403216394096
0.7397639360134258
0.7393875393289855
0.7390110762938061
0.7386345911417137
0.7382580506973386
0.7378814770775941
0.7375048149901975
0.7371280976105181
0.7367513470554694
0.7363742647467251
0.735996950210394
0.7356193260372803
0.7352416133965147
0.7348637017035317
0.7344857900105486
0.7341078119668265
0.7337296901631698
0.7333512366058175
0.732972396002487
0.7325935553991567
0.7322147037373699
0.7318356530233656
0.7314565691339918
0.731077031847901
0.7306974724448971
0.7303177139896759
0.7299379113006286
0.7295580312023857
0.7291779188765559
0.7287974416216612
0.7284165662623319
0.728035679844546
0.727654682842195
0.7272736305475613
0.7268923460253409
0.7265109619770118
0.7261294673441177
0.7257478621266582
0.7253662237338292
0.7249844858148917
0.7246026926036715
0.7242207998663427
0.7238389071290139
0.723456992274772
0.7230750553036172
0.7226930409232666
0.7223109823090901
0.7219288131103483
0.7215465443854979
0.7211640876668868
0.7207816198898191
0.7203990857620123
0.7200164410496404
0.7196337742203555
0.7192510410403314
0.7188682746849379
0.7184854751541747
0.7181024433958247
0.7177193452867356
0.7173361697684509
0.7169525740288186
0.7165689782891863
0.7161853604326409
0.7158017094007261
0.7154178703750504
0.7150339428817226
0.7146500043299383
0.7142658556674801
0.7138815743035438
0.7134968284844339
0.7131120163145848
0.7127271709693661
0.712342314565691
0.7119573254605376
0.7115723142384713
0.7111872256072094
0.7108021259174908
0.7104169598770331
0.710031738544293
0.7096463181593355
0.7092605770791391
0.7088748138820296
0.7084888073988769
0.7081024802204849
0.7077160977498107
0.7073295494022884
0.7069429899963098
0.7065564305903312
0.7061698490674395
0.7057832233107217
0.7053965975540041
0.7050099054465473
0.7046229811115037
0.7042360014841773
0.7038489112722859
0.7034617878850249
0.7030744101532642
0.7026870213630467
0.7022996215143729
0.7019120336719382
0.7015243573618515
0.7011365483502865
0.7007482638250914
0.7003599461245267
0.6999715731316793
0.6995829568527887
0.6991943295154415
0.6988055584181596
0.6984167762624213
0.6980279719897698
0.6976387917295969
0.6972491691311633
0.6968593695974254
0.6964695700636876
0.6960797484130365
0.6956897940609075
0.6952996295981047
0.694909431959932
0.6945192122048467
0.6941288929236525
0.6937384188240672
0.6933479226075687
0.6929573268649617
0.6925665652455069
0.6921755713984653
0.6917845664929672
0.6913934178275343
0.6910022470451884
0.6906107445091472
0.690219076096258
0.6898273192157167
0.6894351089384585
0.6890427327843522
0.6886503455717896
0.6882578920084879
0.6878651288084037
0.6874721444391891
0.687079126894605
0.686685766537869
0.6862913777446769
0.6858968120161806
0.6855019587678148
0.6851070281102535
0.684712031101953
0.6843162821186095
0.6839201018554617
0.683523899475401
0.6831275643938621
0.6827311961369538
0.6823348057631322
0.6819381942201803
0.6815413062158155
0.681144208100777
0.6807467782320431
0.6803491050772656
0.67995056936288
0.679551403316473
0.6791520492763052
0.6787522750147897
0.6783516934859486
0.6779509681971727
0.6775499332716145
0.6771488209368606
0.6767474487283786
0.6763460599322118
0.6759445052591972
0.6755427847093349
0.675140367476712
0.6747376406073069
0.6743347810364233
0.6739314459519097
0.673528022399744
0.6731244108538175
0.6727204896711084
0.6723163030854431
0.671910667841974
0.6715045460264183
0.6710982915093844
0.6706919042908723
0.6702854838969906
0.669878787041696
0.6694719132510972
0.6690646855898899
0.6686573915779435
0.6682500643906275
0.6678426929694854
0.6674352220222348
0.6670275630812232
0.6666192959251034
0.666210951359788
0.6658024519760812
0.6653939194170051
0.6649851988641681
0.664576367726766
0.6641672490694943
0.6637581082953097
0.6633482597799081
0.662937803049398
0.6625268265714317
0.662115651041248
0.6617040995235429
0.661292360012077
0.6608804546237634
0.660468062663363
0.6600556264691365
0.6596431018072579
0.6592303228008796
0.6588173336838272
0.6584042118652969
0.6579910236960274
0.6575778023513882
0.6571645257144665
0.6567510500253275
0.6563372868163192
0.6559231365613327
0.6555089752478898
0.6550946591160556
0.6546803208673084
0.6542659715601047
0.6538515006098793
0.6534369080166321
0.6530220168450591
0.6526070924981164
0.6521917700467393
0.6517762596016015
0.6513603510520289
0.6509442545086956
0.6505278815039495
0.6501114642653771
0.6496949364422397
0.649278187449972
0.6488609740025305
0.6484434066844806
0.6480258061910611
0.647608172522272
0.6471902845089832
0.6467722859111291
0.6463539002672969
0.6459353929804431
0.6455165981737199
0.6450974494963881
0.6446775377855568
0.6442575044317038
0.6438369292134815
0.6434161660014983
0.6429953585556891
0.6425743852330322
0.6421533013258102
0.6417318303726101
0.6413100718995405
0.6408873845161236
0.640464553372772
0.6400407490852469
0.6396167236285915
0.6391925322950884
0.6387680755586289
0.6383435745883433
0.6379189519750361
0.6374938759650117
0.6370687114873352
0.6366435027758326
0.6362182387720474
0.6357928973590666
0.6353675227707163
0.6349416284349096
0.6345155792807119
0.6340893421327533
0.6336630496925121
0.6332361932709886
0.6328087507512696
0.6323805341395947
0.6319518973065721
0.6315231277720713
0.6310942918868314
0.6306652237740047
0.6302360782519822
0.6298066894439166
0.6293771568759161
0.6289474694895245
0.6285173287064157
0.6280866681758507
0.627655266728699
0.6272236330539606
0.6267919219700264
0.6263601224184403
0.6259281016977237
0.6254960478016376
0.6250636510933996
0.624631011099118
0.6241975638375109
0.6237638290560343
0.6233298288716014
0.62289449061393
0.6224591302393456
0.6220228000381247
0.6215852832645197
0.6211472909772844
0.6207089558778971
0.6202700678556841
0.6198297643510369
0.6193889189820205
0.618945308998875
0.6185015552557949
0.6180571380053237
0.6176123890011571
0.6171675404708817
0.6167222274854328
0.6162766269801144
0.615831004357883
0.6153839662532175
0.6149366185117695
0.6144881206908439
0.6140393464085054
0.6135895105143414
0.6131392986326557
0.6126811799545611
0.6122222318922277
0.6117628636085467
0.6113012172828234
0.6108305030227568
0.610359611827386
0.6098876700786462
0.6094135498139726
0.6089362436079768
0.6084568926933711
0.6079759648428662
0.6074940594248053
0.6070119107207009
0.6065283465341627
0.6060443975133376
0.6055585552847569
0.6050705345402425
0.6045818314889612
0.6040892546603622
0.60359446614046
0.6030990251716233
0.6026009677719749
0.6021024934685157
0.6016029940461377
0.6011025513374187
0.6006016309033784
0.6000990682885452
0.5995964724983426
0.5990920188874451
0.5985867469507656
0.5980784062924028
0.5975692860128556
0.5970599224472651
0.5965482542993367
0.5960363915225735
0.5955233344325066
0.5950101512760353
0.5944968730168381
0.5939826216134674
0.5934682397203099
0.5929535824715851
0.5924386675608235
0.59192318092786
0.5914074145159466
0.5908916481040332
0.5903752801120854
0.589858897744144
0.5893424457079266
0.5888257282687528
0.5883087786019923
0.587791313611158
0.5872727726325047
0.5867541089049841
0.5862350249561159
0.5857150784476395
0.5851940758565657
0.5846730566778071
0.5841519766775378
0.5836308579726706
0.5831089872927603
0.5825870060282847
0.5820648931681769
0.5815424806238972
0.581019625741357
0.5804964833389474
0.579973298914403
0.5794500249163608
0.5789254659256714
0.5784003330010888
0.5778741605815938
0.5773476077511945
0.5768210173220432
0.5762941603840898
0.5757673012344451
0.5752404376614177
0.5747132854626753
0.5741857981927004
0.5736581992323148
0.5731301114881511
0.5726019706633961
0.5720738187801847
0.5715453030737538
0.5710165098000644
0.5704872852465709
0.5699580496346208
0.5694285110209623
0.5688986450769908
0.5683684031454979
0.5678381059217221
0.5673076339743337
0.5667769828799496
0.5662454249921312
0.5657133296633261
0.5651811845714666
0.564648874708605
0.5641163812753653
0.5635832752036346
0.5630500696057952
0.5625167534233908
0.5619832492472254
0.5614484656076413
0.5609135017152158
0.5603783785810166
0.5598430276426132
0.5593075329442749
0.5587716124953609
0.5582352563432601
0.5576980586426183
0.557160720499579
0.5566223384382444
0.5560835704367775
0.5555444950102193
0.5550052161080612
0.5544659173006814
0.55392478278952
0.5533827746602938
0.5528399393585203
0.5522959628240343
0.551750847268527
0.5512055802121655
0.5506600997275932
0.5501144975999994
0.5495668153767348
0.5490187107204312
0.5484696362374912
0.5479181067772045
0.5473663362425658
0.5468133470660193
0.5462596390897989
0.5457056679223136
0.5451514081291131
0.5445962846704588
0.5440409289842176
0.5434845625550508
0.5429275812757017
0.5423688085263971
0.5418093247183384
0.5412491807204257
0.540688671793448
0.5401274440667968
0.5395660150762369
0.5390034271594342
0.5384404743135662
0.537877342320703
0.5373140245457702
0.5367500653803594
0.5361861028974115
0.5356219889136096
0.535057841754438
0.5344921419879716
0.5339261580191728
0.533359345771981
0.5327911291008114
0.5322223639301987
0.5316531298810298
0.5310837852472956
0.5305128703127362
0.5299413770209009
0.5293687259086685
0.5287959675294078
0.5282229758167146
0.5276497717816564
0.5270763156137895
0.5265024701882535
0.5259276107022546
0.5253520512159584
0.5247758945730103
0.5241992845333452
0.5236225351571278
0.5230454274869193
0.522468153939863
0.5218903462693572
0.5213124866241056
0.5207335432501154
0.5201545600656818
0.5195754364388505
0.5189951881669914
0.5184128222007094
0.517830423059058
0.5172479852128087
0.5166650795938488
0.5160808259490396
0.5154957119563135
0.5149101876948505
0.514324506403305
0.5137371707666647
0.5131494259671334
0.5125612930157784
0.5119722952931237
0.5113829348530954
0.5107935036389453
0.5102037672113954
0.5096074510022184
0.5090107787107414
0.5084101673970536
0.507808742180966
0.5072068038524962
0.5066046067561438
0.5059991452034279
0.5053936172999729
0.5047851002957215
0.5041737302096891
0.503561768496233
0.502949384349738
0.502336577770204
0.5017218525484646
0.5011057273261301
0.500487404788486
0.4998682528666032
0.49924872827473565
0.4986265009960956
0.49800237276878057
0.4973780786646176
0.4967528777670204
0.4961270465374018
0.49549960630236
0.4948686516898375
0.49423620418568526
0.4936025137110206
0.49296816636403884
0.4923319512437515
0.49169266961347224
0.4910462718664249
0.4903987804380281
0.48974984588105586
0.48909716693070737
0.48844342415684194
0.4877869444149888
0.48712860685244086
0.4864649203144761
0.48579963251200786
0.4851343159575525
0.4844624483734572
0.4837897845804926
0.4831145441671598
0.48243896425921196
0.4817591014110554
0.4810759995409851
0.48039188582214376
0.4797061044880597
0.4790112043507325
0.4783132576086351
0.47761028922143367
0.4769038307853558
0.47619001626400337
0.47547496540721235
0.47475314677503344
0.4740276357242239
0.4732997681163307
0.4725691027189388
0.4718377185218735
0.4711000088876809
0.47035875280648365
0.4696159562822936
0.46887176639258255
0.46812200857001574
0.467366771282245
0.46661067806993994
0.46585431281960465
0.4650949374574056
0.46433518831937637
0.4635703522913497
0.4628043849832214
0.4620381224143041
0.46126505889462943
0.46048897531048016
0.4597068327980057
0.45892430323955324
0.45813950227413236
0.45735202958561705
0.4565627587920722
0.4557701837317204
0.4549720838664931
0.45416869805905113
0.45336307844339296
0.45255484903199694
0.45174461803997135
0.45093150079079514
0.4501167690069675
0.44929891873840244
0.44847955346129464
0.44765395121471163
0.4468100582810509
0.4459607688206104
0.44511076056049637
0.4442543406072942
0.4433889500341661
0.4425162719381939
0.4416416586123313
0.44076342917118794
0.43987856465613495
0.4389930930318192
0.43810410371248565
0.4372062521461001
0.43630044402025114
0.43538898944650506
0.434472221284403
0.43355492231638804
0.4326320609447456
0.43170870526009675
0.43078504767958514
0.4298486618156233
0.4289117451457488
0.42797469577439606
0.4270363083298049
0.42608880871704435
0.42514110673452965
0.42417972875884136
0.42321156531423476
0.4222349233510173
0.4212569908659243
0.4202729430543779
0.4192745413662736
0.4182699469425202
0.417258352515792
0.4162422904726314
0.415214384822542
0.41417971913798424
0.4131354469722508
0.41208894320999256
0.41103508336245975
0.4099795536879929
0.4089228805691223
0.40786526084637387
0.4068046111065402
0.4057433199762285
0.40468161857718
0.4036166228639354
0.4025446105600312
0.40146924201457446
0.40039033476303254
0.39930943698931765
0.39822827381264636
0.39713812785174707
0.396040277464193
0.3949402596191617
0.39383897005163104
0.3927337657904937
0.39162759944363945
0.3905074651603596
0.3893837490430142
0.3882537074885415
0.38712335961482347
0.38599136071354745
0.3848518619670621
0.38371161566891643
0.3825690117078414
0.38142562923142764
0.3802803756641714
0.37912753157236245
0.377973260939663
0.3768188465470288
0.3756626959767214
0.3745059548848363
0.37334893622569243
0.37219176827738565
0.37102172828569413
0.3698515909795852
0.3686758116489618
0.36749918302887785
0.36632172944793795
0.36513747933962315
0.3639482960538565
0.3627536952302425
0.3615586520683679
0.3603614967412988
0.359162521192287
0.3579592063049384
0.35674684560015946
0.3555342205982698
0.35432032276803527
0.3530982604793548
0.3518761893439091
0.35065087476316714
0.3494222802442226
0.34818877577058494
0.3469512017849492
0.3457082655537489
0.34445254021758753
0.3431952899202727
0.34193755636840795
0.34067167273409094
0.33939045323227723
0.338107146999719
0.33682233128784633
0.335537460283691
0.33425024488675426
0.33295776566451585
0.331649870953894
0.3303275228406055
0.3290002028452672
0.3276718732128492
0.3263421159336948
0.3250105561261284
0.32367376677447535
0.32231886477689453
0.3209616714671236
0.31960101686046316
0.3182377082242388
0.31686758536710924
0.3154919576103259
0.3141127026798052
0.312720708407378
0.311324478746105
0.30992752586177597
0.3085270939870268
0.3071261854928019
0.3057243657817601
0.3043159718183194
0.30290628401546627
0.30149527583290514
0.30008350904022696
0.29867164714482286
0.2972590841432755
0.2958442220886185
0.2944285439198705
0.2930128425283639
0.2915959667287754
0.2901765397432685
0.2887501039080217
0.2873180857639255
0.28588568942061643
0.2844530000282097
0.2830181708244671
0.2815828605778661
0.28013995317163853
0.27868973612565373
0.27723333076740253
0.2757750078727914
0.274315942955748
0.27285514517856857
0.27139348815931774
0.2699298140775984
0.2684657407855988
0.2670001635435131
0.26552918977464746
0.2640582038414797
0.26258456387874796
0.26111075914501425
0.25963317241915185
0.2581512983296983
0.2566690139715079
0.2551819711594786
0.2536913409841556
0.25219669990665405
0.25070195266797
0.24920092201429345
0.2476961060509515
0.24618889372008246
0.24467917111958426
0.24316629685897884
0.24165188547291772
0.2401339574976845
0.23861495685216927
0.2370947099186046
0.23557400627078595
0.23404724258879628
0.23251880907987266
0.23098261253447483
0.22944450287609963
0.22790506620294249
0.22636158213470037
0.22481738921939565
0.22326801099383042
0.2217155695758103
0.22016213732008638
0.21859881438085438
0.21703108907008317
0.21545940593772495
0.2138825651412476
0.21230413635041456
0.21070740028481894
0.2091085465248005
0.20750758059958752
0.20590514389965786
0.20428917164895244
0.2026565453627337
0.201021563625277
0.19938295471408307
0.1977222178314002
0.1960187621311955
0.19427294148407737
0.19250117769797248
0.1907276777341944
0.18894901347122328
0.1871640480997292
0.185362282721096
0.1835461634659047
0.18172925906030069
0.1799016467512522
0.178066440600114
0.1762243229136532
0.17437499511354393
0.17252362149897915
0.170670785956463
0.1688161147101651
0.16695389274975803
0.16506958705168817
0.16317803806460018
0.16127401956194465
0.15935205207851766
0.15742590118099065
0.155494829270314
0.15356233855966628
0.15162477533501462
0.14968150594680052
0.14773577052278342
0.14578735895228945
0.14383292052299412
0.1418764252207868
0.1399166389219202
0.13794007252113616
0.1359609228649098
0.13392807555553232
0.1318944696360378
0.1298517847237436
0.12780779491358052
0.1257566502820514
0.12369755462028709
0.12163808297100132
0.11957496203106521
0.11750717442247927
0.1154388228326112
0.11336258213986428
0.11127890352926473
0.10917695634850044
0.1070670139036749
0.1049257428515391
0.10278426168872967
0.10063973945037819
0.09848442415846692
0.09631782924090915
0.09414420114500721
0.09196774208423719
0.08978649471179556
0.0876044290135718
0.08541453503398022
0.08320950092157231
0.08100095021999232
0.07878819730493614
0.07656476192088546
0.07433559383297661
0.07208183616115871
0.06982457295862499
0.06756378210846281
0.0652901745071982
0.06301600292465137
0.060691130530669324
0.05834782368967473
0.05595562520073094
0.05356194709030537
0.05116583169606359
0.04871348626212857
0.04626005599360905
0.043749860456100964
0.04122508213198517
0.03860035747787627
0.03597289032655138
0.03330190814883538
0.03054365263229397
0.02774880468314056
0.024931673944107113
0.022080144770234567
0.01919168698667184
0.01614274888214684
0.013035234133455753
0.009880400249332011
0.006650954959093847
0.003334223059882291
-6.661338147750939e-16
